"Utility","tick"
1884759.0229610344,270.0
1944065.158339553,990.0
1894367.1524778663,1710.0
1878185.2271926706,2430.0
1880336.3625486668,3150.0
1566970.983415753,3870.0
1600396.0110675585,4590.0
1878154.8291755521,5310.0
1898617.9972310485,6030.0
1900682.1887877053,6750.0
1933230.139540172,7470.0
1861814.9444181023,8190.0
1606275.153134675,8910.0
1555683.3809830782,9630.0
1897658.72456974,10350.0
1921132.2817127758,11070.0
1856378.8514092483,11790.0
1949363.4585506576,12510.0
1952430.4640678354,13230.0
1589769.6949203184,13950.0
1567414.0859780852,14670.0
1954392.6184195816,15390.0
1884928.8985142899,16110.0
1923790.9617238971,16830.0
1916367.9005185931,17550.0
1918886.4960131936,18270.0
1604905.6970364994,18990.0
1637282.5026890715,19710.0
1963714.557604639,20430.0
1891004.504432067,21150.0
1881694.1590264742,21870.0
1888362.3734381169,22590.0
1880214.478585271,23310.0
1581037.080727933,24030.0
1632665.4508628126,24750.0
1915361.7229353776,25470.0
1846959.9713132773,26190.0
1911540.163224699,26910.0
1873493.259193993,27630.0
1875541.5984606838,28350.0
1620728.7101617693,29070.0
1571222.9989731926,29790.0
1883695.3414418832,30510.0
1919812.9745236405,31230.0
1935309.0151422287,31950.0
1903472.9686388767,32670.0
1921454.1769286813,33390.0
1583966.9077793923,34110.0
1577879.9066557272,34830.0
1926356.6565008955,35550.0
1937863.0857423905,36270.0
1894262.8880250242,36990.0
1951003.0227098574,37710.0
1876536.4229505279,38430.0
1578578.0135151406,39150.0
1621687.8193167401,39870.0
1893971.3163460444,40590.0
1892744.383278002,41310.0
1866699.3278999499,42030.0
1877646.966819403,42750.0
1883298.187188905,43470.0
1603821.2378417512,44190.0
1589911.7351307038,44910.0
1855552.2050639633,45630.0
1950734.6585314367,46350.0
1993005.503610996,47070.0
1986339.1925433723,47790.0
1888410.7901076514,48510.0
1588005.4487138134,49230.0
1583438.9572435638,49950.0
1858571.3929143066,50670.0
1928128.7031760896,51390.0
1936297.4807720152,52110.0
1879912.294097247,52830.0
1923007.2132581214,53550.0
1608772.7425463563,54270.0
1588978.4264135861,54990.0
1924417.2435171455,55710.0
1914265.5082795625,56430.0
1868122.5341575486,57150.0
1894768.9524044655,57870.0
1938943.52168463,58590.0
1621072.8921315512,59310.0
1605754.7312563008,60030.0
1965529.4768738328,60750.0
1909440.5204270775,61470.0
1916870.3563599647,62190.0
1914726.924393562,62910.0
1931612.00237113,63630.0
1568489.3904455851,64350.0
1619674.477290009,65070.0
1956177.8335324198,65790.0
1912843.1701036075,66510.0
1883778.8663217223,67230.0
1900046.9398041253,67950.0
1943660.0688362166,68670.0
1586535.1265538698,69390.0
1546159.486316659,70110.0
1963069.4902979587,70830.0
1914650.170009269,71550.0
1894651.4963808449,72270.0
1898290.9941463175,72990.0
1855850.1216299168,73710.0
1612711.5143621375,74430.0
1582535.560488685,75150.0
1916935.4762904155,75870.0
1884365.1899459623,76590.0
1921920.1226222485,77310.0
1905189.0963285663,78030.0
1935534.930643903,78750.0
1610111.1263076316,79470.0
1595781.5198836322,80190.0
1896222.2959393593,80910.0
1901101.6975983635,81630.0
1908392.6114401408,82350.0
1956022.032565867,83070.0
1934464.7020810961,83790.0
1580654.0285566081,84510.0
1597707.3186532222,85230.0
1958265.6282954237,85950.0
1951199.8050733013,86670.0
1879432.1328669663,87390.0
1849619.5662534114,88110.0
1933376.9270183442,88830.0
1599426.7335849295,89550.0
1599873.581951869,90270.0
1894705.3878950528,90990.0
1910295.6851104687,91710.0
1965878.297902849,92430.0
1953968.5795965139,93150.0
1871322.3265590386,93870.0
1557425.020836276,94590.0
1593576.8361081865,95310.0
1903583.1010074252,96030.0
1895607.238720166,96750.0
1921346.1147058345,97470.0
1871050.3665123011,98190.0
1943766.310068575,98910.0
1628012.3815872662,99630.0
1621825.6732469224,100350.0
1903370.1182555489,101070.0
1917505.7302377657,101790.0
1931205.8406044734,102510.0
1934905.1834222814,103230.0
1906963.7508391761,103950.0
1565334.6142113416,104670.0
1591756.7011241508,105390.0
1879716.3278138079,106110.0
1894912.7733507694,106830.0
1877866.5738338584,107550.0
1931913.171279655,108270.0
1912308.534804448,108990.0
1551856.1209899862,109710.0
1594246.722348121,110430.0
1858924.8974109353,111150.0
1910303.0877185217,111870.0
1880320.6162117438,112590.0
1944587.118041519,113310.0
1881387.5517587687,114030.0
1596763.9551717413,114750.0
1578689.5926728353,115470.0
1898605.086329628,116190.0
1905002.4141028353,116910.0
1907417.8849806641,117630.0
1864807.1673536422,118350.0
1943573.4847885335,119070.0
1577952.0594454156,119790.0
1554216.8527595352,120510.0
1954068.4286279331,121230.0
1949376.344783969,121950.0
1841675.80957421,122670.0
1895621.9740760399,123390.0
1882236.8130071303,124110.0
1580529.510571778,124830.0
1582066.5364344697,125550.0
1928749.8546116364,126270.0
1904856.3867658207,126990.0
1881557.7618745926,127710.0
1865776.8235360389,128430.0
1897900.6868488563,129150.0
1624413.2311207599,129870.0
1600023.8668174332,130590.0
1885853.9358406651,131310.0
1891352.0814847357,132030.0
1969779.9992295823,132750.0
1913918.5205418926,133470.0
1887319.6037958618,134190.0
1587936.2856741678,134910.0
1588841.3200993787,135630.0
1955112.3936126316,136350.0
1892863.3406935134,137070.0
1887265.7529538148,137790.0
1913160.2235276196,138510.0
1899581.0548468211,139230.0
1593946.1804894344,139950.0
1606679.4696823868,140670.0
1901271.8863640316,141390.0
1933312.9735213404,142110.0
1910215.0099002332,142830.0
1940762.8153730438,143550.0
1950256.5857007308,144270.0
1563526.495921337,144990.0
1591119.8715974512,145710.0
1863090.0810393272,146430.0
1836165.6530701988,147150.0
1867770.0485905863,147870.0
1906353.7490714767,148590.0
1989715.86414033,149310.0
1579418.4844948812,150030.0
1547768.4520375803,150750.0
1895933.3461308796,151470.0
1918054.518679708,152190.0
1914327.526280076,152910.0
1884331.256165314,153630.0
1900270.6550740309,154350.0
1552140.3829473658,155070.0
1618176.5181264288,155790.0
1895552.7121565293,156510.0
1883185.7759509825,157230.0
1894898.0675418722,157950.0
1906078.5281376883,158670.0
1915356.2013775348,159390.0
1560343.9725942172,160110.0
1593511.363797117,160830.0
1877886.5590389255,161550.0
1860823.62711737,162270.0
1894593.935106398,162990.0
1935279.5167465233,163710.0
1957352.1636341556,164430.0
1538373.7236744245,165150.0
1589191.5452314755,165870.0
1932961.60469084,166590.0
1937560.4078035376,167310.0
1878525.5294204499,168030.0
1882659.5892179913,168750.0
1873624.9779062693,169470.0
1563012.452550011,170190.0
1576520.7435545078,170910.0
1879591.4017295837,171630.0
1924654.3583623518,172350.0
1895037.614747299,173070.0
1916256.066275037,173790.0
1974716.9869555233,174510.0
1564310.9205220628,175230.0
1646745.6751296164,175950.0
