"Utility","tick"
1939004.1796812778,270.0
1896771.7367971793,990.0
1922792.1586463545,1710.0
1901360.4653826035,2430.0
2006056.1329828042,3150.0
1573742.8794592281,3870.0
1568550.318150847,4590.0
1943679.868665571,5310.0
1941681.881808269,6030.0
1867635.1526177754,6750.0
1962228.466740414,7470.0
1911103.2882731461,8190.0
1608525.2929942973,8910.0
1594553.1014867022,9630.0
1914513.2094293146,10350.0
1961627.2192620172,11070.0
1914514.7767569995,11790.0
1938062.4715348405,12510.0
1923613.182268017,13230.0
1574148.1279617692,13950.0
1600457.0033909965,14670.0
1922009.0961218432,15390.0
1844281.3263779448,16110.0
1869264.2756239471,16830.0
1967058.8463383967,17550.0
1905311.6107359726,18270.0
1608330.31260402,18990.0
1586313.8518171895,19710.0
1945330.6416174131,20430.0
1913394.0236061872,21150.0
1909516.7392692864,21870.0
1867638.6176185685,22590.0
1876627.8844644637,23310.0
1574243.9169822943,24030.0
1624547.0873270603,24750.0
1924761.2419821213,25470.0
1934022.7101046536,26190.0
1913714.636194781,26910.0
1881989.2908635393,27630.0
1867152.7054175357,28350.0
1604362.9301637935,29070.0
1587322.2514671783,29790.0
1923978.4567141351,30510.0
1940428.664057565,31230.0
1925807.926296117,31950.0
1846459.9487202542,32670.0
1966897.434526443,33390.0
1588838.2792088839,34110.0
1597083.646875469,34830.0
1919580.6665688185,35550.0
1936663.5782447201,36270.0
1854070.6415360752,36990.0
1854716.0819023938,37710.0
1877731.596435975,38430.0
1601503.2292112198,39150.0
1617711.060652339,39870.0
1877849.6387008277,40590.0
1934252.884439844,41310.0
1904405.948263322,42030.0
1887210.5627073145,42750.0
1926716.3615865,43470.0
1591244.0368017263,44190.0
1571906.7489384993,44910.0
1855353.9736619948,45630.0
1937902.3015136935,46350.0
1929294.7308484828,47070.0
1999254.6055041335,47790.0
1929681.0840613134,48510.0
1625293.770717704,49230.0
1605764.0845920814,49950.0
1915297.8145228932,50670.0
1926809.5426945377,51390.0
1918352.1039123328,52110.0
1904563.5825243099,52830.0
1961624.925238623,53550.0
1596090.9327961362,54270.0
1570526.3543129007,54990.0
1899601.9267352514,55710.0
1907811.3259605526,56430.0
1911265.5492470264,57150.0
1934627.3422267677,57870.0
1901070.2598501677,58590.0
1564002.1776027423,59310.0
1612754.708357267,60030.0
1881068.9877676489,60750.0
1926980.19950727,61470.0
1875299.5432124294,62190.0
1896651.2556215527,62910.0
1909841.08261159,63630.0
1613088.702713161,64350.0
1617787.832999354,65070.0
1961957.956808365,65790.0
1949355.6853167599,66510.0
1914408.9235065514,67230.0
1896552.430868095,67950.0
1967258.882933216,68670.0
1620540.4782861455,69390.0
1588040.8029547795,70110.0
1900985.7630993444,70830.0
1895989.5724240614,71550.0
1980595.9174093606,72270.0
1938363.513017862,72990.0
1903102.29571216,73710.0
1611813.7330333584,74430.0
1552496.3547750502,75150.0
1923827.384568677,75870.0
1833977.6082549344,76590.0
1903604.8422103901,77310.0
1911317.5540243061,78030.0
1897033.0422756732,78750.0
1586878.9049916805,79470.0
1578651.846479569,80190.0
1876809.0776599494,80910.0
1910083.8667373643,81630.0
1925571.7077394407,82350.0
1887326.6690630827,83070.0
1904795.7953987292,83790.0
1618721.9735798214,84510.0
1595885.2787586735,85230.0
1894531.041454927,85950.0
1950557.7608057538,86670.0
1945310.8143012202,87390.0
1874045.5860539204,88110.0
1920817.4981295594,88830.0
1619251.2045014065,89550.0
1580862.2604488311,90270.0
1875791.3505236555,90990.0
1875094.0945663818,91710.0
1920574.5021048717,92430.0
1958822.3559881058,93150.0
1920669.7746694684,93870.0
1577540.0405360723,94590.0
1627122.8407736046,95310.0
1908063.5545158067,96030.0
1907676.1213666163,96750.0
1963502.3166138746,97470.0
1929452.8349969476,98190.0
1873626.3739546617,98910.0
1573512.2963087745,99630.0
1610946.1645045097,100350.0
1895845.9984666381,101070.0
1974959.9807297215,101790.0
1861705.2930448153,102510.0
1916678.4391418095,103230.0
1920070.2876464594,103950.0
1580548.8212321766,104670.0
1584684.6583384278,105390.0
1918694.7517112377,106110.0
1901289.4411818606,106830.0
1972618.6583271474,107550.0
1892008.5133900389,108270.0
1962278.291197043,108990.0
1568177.3514041742,109710.0
1607720.6258394052,110430.0
1865294.7516759618,111150.0
1928199.46305987,111870.0
1978676.917679712,112590.0
1894165.2668528818,113310.0
1959686.0467838468,114030.0
1605865.9139358986,114750.0
1588712.7615121077,115470.0
1945958.836630709,116190.0
1973186.678793703,116910.0
1891516.520219137,117630.0
1897449.3968597187,118350.0
1914064.9333240844,119070.0
1568854.0803461461,119790.0
1588907.1515321976,120510.0
1941420.7296988026,121230.0
1843125.721040669,121950.0
1925905.9949202023,122670.0
1976979.2996604012,123390.0
1826761.8726367645,124110.0
1593120.9946476934,124830.0
1587680.541341157,125550.0
1952089.6993437456,126270.0
1870756.000209303,126990.0
1867178.5602771689,127710.0
1858278.3663476084,128430.0
1929124.9650643882,129150.0
1588310.108410432,129870.0
1571327.1581795618,130590.0
1904704.186922252,131310.0
1858072.3789069715,132030.0
1923890.676479047,132750.0
1929463.3327592101,133470.0
1938543.9343594536,134190.0
1589344.8120811447,134910.0
1617139.989235422,135630.0
1849073.2584574101,136350.0
1958778.5046629999,137070.0
1913172.8946840495,137790.0
1939350.3350240653,138510.0
1837031.691650818,139230.0
1621287.1089763208,139950.0
1560651.6792718656,140670.0
1938606.0343099865,141390.0
1948499.23181466,142110.0
1884390.0043458487,142830.0
1892210.6309148208,143550.0
1891042.8451425906,144270.0
1614448.4919381822,144990.0
1563605.1769748442,145710.0
1944220.9709802726,146430.0
1862883.166579507,147150.0
1897228.2428874176,147870.0
1954818.0782206336,148590.0
1890517.213063323,149310.0
1613025.605705275,150030.0
1569279.7104096306,150750.0
1938429.1338285808,151470.0
1901983.880666109,152190.0
1895486.3555898753,152910.0
1900354.7178523955,153630.0
1862935.3806039449,154350.0
1609628.2623846978,155070.0
1607281.2295742386,155790.0
1924654.4790868782,156510.0
1961736.7439625133,157230.0
1956506.7940427554,157950.0
1872852.9347352025,158670.0
1917444.582812165,159390.0
1600611.3025711894,160110.0
1594184.0254207458,160830.0
1890574.431263286,161550.0
1878829.4084423447,162270.0
1881250.968023644,162990.0
1951801.1365528826,163710.0
1947778.0381635497,164430.0
1611983.6578724338,165150.0
1599151.5625776423,165870.0
1918992.2760234564,166590.0
1918425.0902843992,167310.0
1893435.249250657,168030.0
1945974.775613057,168750.0
1872590.874445754,169470.0
1617508.6605436844,170190.0
1611022.7808842557,170910.0
1906903.2078336368,171630.0
1929318.3800023685,172350.0
1897428.8370054718,173070.0
1943841.8071158978,173790.0
1886429.6638797268,174510.0
1618300.7119723877,175230.0
1631670.0134866724,175950.0
