"Utility","tick"
1893657.7990355021,270.0
1935836.4077041615,990.0
1975861.1492637054,1710.0
1934901.018665918,2430.0
1889373.9381893994,3150.0
1601434.0624478082,3870.0
1616360.9385129802,4590.0
1909296.5438436512,5310.0
1903047.3970519472,6030.0
1952263.0486576871,6750.0
1935386.3919290272,7470.0
1941378.3163545853,8190.0
1582680.369019736,8910.0
1592671.2914407733,9630.0
1923341.6936220666,10350.0
1847702.158128023,11070.0
1898718.8806022499,11790.0
1927568.1538788227,12510.0
1908948.857595676,13230.0
1569956.9347283859,13950.0
1598240.1549991108,14670.0
1877492.1724626324,15390.0
1845206.518664653,16110.0
1927563.2166988242,16830.0
1931494.7324077946,17550.0
1895884.1582523496,18270.0
1616492.4363060687,18990.0
1647741.029139579,19710.0
1968614.1172307313,20430.0
1859991.6263754424,21150.0
1844570.3417944715,21870.0
1930321.2021815118,22590.0
1949139.5943891117,23310.0
1578275.3217143067,24030.0
1609066.173106126,24750.0
1873683.5781787017,25470.0
1891236.4518560115,26190.0
1955932.1253817005,26910.0
1963026.1875072995,27630.0
1833081.5469028717,28350.0
1624485.590430318,29070.0
1555703.9285608884,29790.0
1956240.1875230575,30510.0
1912005.2446788477,31230.0
1885366.07070167,31950.0
1844336.357199041,32670.0
1926752.7251699101,33390.0
1605509.290779488,34110.0
1636362.8571345587,34830.0
1893941.629569041,35550.0
1908817.184607668,36270.0
1849017.0684896195,36990.0
1944170.8331188203,37710.0
1969422.3849700254,38430.0
1596630.6922414948,39150.0
1580955.3687981188,39870.0
1916071.1534142601,40590.0
1934104.3497542343,41310.0
1865160.5852045214,42030.0
1906393.5781373403,42750.0
1915131.6326277326,43470.0
1624899.2915543609,44190.0
1610688.3226323095,44910.0
1901698.8343708476,45630.0
1952457.9792036882,46350.0
1944656.8832017176,47070.0
1962836.6839766668,47790.0
1889847.9534052939,48510.0
1629356.3862655715,49230.0
1601971.4265291395,49950.0
1843025.0610302275,50670.0
1853726.6801555315,51390.0
1934627.042351948,52110.0
1913742.4092375522,52830.0
1925488.5754036617,53550.0
1567067.2123199874,54270.0
1590242.3179466713,54990.0
1844352.336046286,55710.0
1879742.2997635424,56430.0
1951115.4587364334,57150.0
1856619.0741981587,57870.0
1891644.3102228409,58590.0
1584968.8660581063,59310.0
1580236.0855130267,60030.0
1875391.8329977368,60750.0
1934931.8695481413,61470.0
1993026.9512486423,62190.0
1929116.1339403412,62910.0
1928247.1705206677,63630.0
1595341.4869440296,64350.0
1544324.1779304435,65070.0
1907234.1133418586,65790.0
1921151.1116787712,66510.0
1785343.7808203062,67230.0
1887767.3280673786,67950.0
1874536.4701991917,68670.0
1611775.3574478358,69390.0
1621020.7520824517,70110.0
1991190.0828024345,70830.0
1972527.9309739368,71550.0
1907946.4501174646,72270.0
1870216.0396980296,72990.0
1907048.44683129,73710.0
1564477.9110141,74430.0
1583898.853005339,75150.0
1928071.4963617683,75870.0
1921545.2279733173,76590.0
1871023.1977390407,77310.0
1879112.5631884555,78030.0
1920453.4536913184,78750.0
1587449.850463656,79470.0
1583784.13039503,80190.0
1960345.3849311445,80910.0
1866900.1730208327,81630.0
1885332.5212565842,82350.0
1883345.1785595338,83070.0
1942218.9781425723,83790.0
1580684.4064700287,84510.0
1642199.1987976313,85230.0
1933239.3126553453,85950.0
1918701.1314708428,86670.0
1904003.3981791786,87390.0
1885209.531406785,88110.0
1859022.79380092,88830.0
1603793.0352037172,89550.0
1540351.3376705144,90270.0
1900492.6575496383,90990.0
1905551.36603917,91710.0
1939758.9167820627,92430.0
1889561.6301929946,93150.0
1936533.814179242,93870.0
1607453.2429876353,94590.0
1611833.7846509416,95310.0
1916736.743072158,96030.0
1949685.2402689476,96750.0
1919265.1278037094,97470.0
1906316.0120875966,98190.0
1850523.3825804777,98910.0
1587687.4263390196,99630.0
1617989.3928315183,100350.0
1876073.5461218718,101070.0
1908933.3965997745,101790.0
1917168.9925844804,102510.0
1970374.4027862942,103230.0
1868331.96141915,103950.0
1580309.692613494,104670.0
1570244.5406948123,105390.0
1958405.470850184,106110.0
1906368.7802748065,106830.0
1893227.3348572613,107550.0
1905932.1503790033,108270.0
1937774.0869798062,108990.0
1618567.3870811337,109710.0
1572494.3678106358,110430.0
1867324.9855493663,111150.0
1929205.5560447425,111870.0
1884886.0130761003,112590.0
1877252.642883422,113310.0
1924852.9847331776,114030.0
1563179.3956668007,114750.0
1585250.9111182028,115470.0
1892686.0293851166,116190.0
1842479.6237369764,116910.0
1894018.3029962613,117630.0
1856541.9271649502,118350.0
1885382.7986348744,119070.0
1568831.4243540235,119790.0
1608804.8834574101,120510.0
1929304.4754310313,121230.0
1946177.1699454084,121950.0
1931282.3086168675,122670.0
1867188.8282484284,123390.0
1872328.7550500752,124110.0
1602276.7337066683,124830.0
1590712.0457168524,125550.0
1899270.6130980859,126270.0
1907386.7903499282,126990.0
1893050.4739380884,127710.0
1978617.2050324776,128430.0
1946438.7557843903,129150.0
1578054.9763798716,129870.0
1594993.3819467106,130590.0
1888749.4638473091,131310.0
1914776.5133389514,132030.0
1944206.5192811827,132750.0
1948624.9901519434,133470.0
1856881.2697345451,134190.0
1585975.8354099502,134910.0
1606249.0601665277,135630.0
1940722.8466388206,136350.0
1933858.1968930818,137070.0
1920280.5735187912,137790.0
1936696.836649909,138510.0
1858427.1533426153,139230.0
1588253.0813679302,139950.0
1560330.9032468325,140670.0
1954433.6598396779,141390.0
1918064.6013941334,142110.0
1971819.5876955925,142830.0
1907810.2857606236,143550.0
1837633.1185547428,144270.0
1595457.2005370925,144990.0
1582303.7113043051,145710.0
1932756.3766561684,146430.0
1891635.857360137,147150.0
1907394.3525356217,147870.0
1941176.0629147934,148590.0
1880830.5058755698,149310.0
1568394.1549326547,150030.0
1582459.6700954894,150750.0
1914012.2519565697,151470.0
1902477.8033504577,152190.0
1943662.8200206256,152910.0
1892142.108656779,153630.0
1921352.7845414686,154350.0
1591287.879411289,155070.0
1571580.4931054239,155790.0
1861579.8914775243,156510.0
1934426.4112612344,157230.0
1925095.133282464,157950.0
1915981.9217524051,158670.0
1835759.3694186863,159390.0
1611378.3111898697,160110.0
1568428.8065423365,160830.0
1913880.8708442338,161550.0
1914448.8878532765,162270.0
1873592.572508803,162990.0
1864788.3087419593,163710.0
1929708.4876553253,164430.0
1568395.6030616348,165150.0
1586377.8151205531,165870.0
1900181.9129537523,166590.0
1905625.6790483783,167310.0
1862948.7428083797,168030.0
1917737.0218229303,168750.0
1941720.854212573,169470.0
1564019.2728482725,170190.0
1605901.3232481454,170910.0
1889112.4097984487,171630.0
1945223.0100820733,172350.0
1925839.7501334364,173070.0
1951412.5675727865,173790.0
1967377.2815605851,174510.0
1566980.7322993975,175230.0
1583648.274995281,175950.0
