"Utility","tick"
3781168.609219984,270.0
3875326.06195259,990.0
3874406.3053459423,1710.0
3843118.6846237923,2430.0
3843539.339995471,3150.0
3205055.797927534,3870.0
3210132.8407177893,4590.0
3833848.558929917,5310.0
3815811.802816656,6030.0
3776225.5430205073,6750.0
3759036.8919523614,7470.0
3732816.3770777993,8190.0
3145456.2269876287,8910.0
3164977.0219768495,9630.0
3877629.353869507,10350.0
3868126.3847485995,11070.0
3742113.4332521735,11790.0
3788937.4191038567,12510.0
3836853.40119934,13230.0
3173471.9414175693,13950.0
3152620.0951279365,14670.0
3776447.019065898,15390.0
3846039.7517521684,16110.0
3886256.3459928287,16830.0
3821464.992345166,17550.0
3831322.9076723703,18270.0
3184712.3142741197,18990.0
3166204.4746963135,19710.0
3820082.940680649,20430.0
3793627.115787043,21150.0
3795252.06948525,21870.0
3829052.0000286708,22590.0
3869280.1531392834,23310.0
3186652.8383601373,24030.0
3115460.840497641,24750.0
3761923.7738738507,25470.0
3840354.454626613,26190.0
3872017.321855725,26910.0
3856697.55544079,27630.0
3823258.5003687325,28350.0
3175541.010020277,29070.0
3233516.46348158,29790.0
3851676.225936225,30510.0
3880966.1312288186,31230.0
3819127.301516994,31950.0
3877134.7501713573,32670.0
3808863.9812006624,33390.0
3170615.4662064803,34110.0
3219949.1964823105,34830.0
3817859.650319768,35550.0
3845315.824264338,36270.0
3790686.4201392625,36990.0
3787257.4699863456,37710.0
3837927.444831956,38430.0
3150784.4303720538,39150.0
3153386.194405883,39870.0
3800691.2031540824,40590.0
3840250.0940650366,41310.0
3867259.2663790844,42030.0
3957819.461749769,42750.0
3873220.815988224,43470.0
3185015.3773771166,44190.0
3131439.3509684945,44910.0
3889130.7800635756,45630.0
3785325.810520824,46350.0
3839605.236634456,47070.0
3816156.466177427,47790.0
3807229.8573608473,48510.0
3186984.421807558,49230.0
3176705.8812175477,49950.0
3722372.644543472,50670.0
3844383.149704018,51390.0
3858687.2177086435,52110.0
3773083.5812766366,52830.0
3896551.3038514163,53550.0
3169640.3922024425,54270.0
3189082.3836052087,54990.0
3740002.382759002,55710.0
3798913.010018327,56430.0
3816963.1843246184,57150.0
3813491.795138803,57870.0
3775517.4113855474,58590.0
3180918.144207845,59310.0
3129463.4643570236,60030.0
3859152.95966119,60750.0
3851652.210491651,61470.0
3836333.648428407,62190.0
3871696.8470791886,62910.0
3794715.9880711627,63630.0
3184911.786839385,64350.0
3151964.52025527,65070.0
3820906.506024744,65790.0
3747329.759856819,66510.0
3826718.8336713836,67230.0
3838362.982070266,67950.0
3726420.45809769,68670.0
3163755.8974203384,69390.0
3149933.1503855996,70110.0
3861239.5697285603,70830.0
3803573.523012783,71550.0
3761087.523081129,72270.0
3860821.1208887827,72990.0
3793454.5854084357,73710.0
3151535.9440023922,74430.0
3221142.6789905787,75150.0
3779525.727196896,75870.0
3750255.3222603197,76590.0
3815842.1822911706,77310.0
3864985.955103669,78030.0
3865898.208567977,78750.0
3130274.569755324,79470.0
3203610.9864643477,80190.0
3834702.076490485,80910.0
3823966.8931251783,81630.0
3792892.0694433483,82350.0
3828237.56932353,83070.0
3811483.5010085856,83790.0
3197050.4404475745,84510.0
3186417.654655109,85230.0
3824519.6590156,85950.0
3793842.458072338,86670.0
3866167.094546276,87390.0
3882371.0395913133,88110.0
3784765.3118014256,88830.0
3159640.018044687,89550.0
3180604.432533996,90270.0
3794051.2744498374,90990.0
3759622.666691908,91710.0
3851377.5959489313,92430.0
3900175.105432478,93150.0
3736854.935161039,93870.0
3161505.854910185,94590.0
3175437.4072657344,95310.0
3752275.0689635645,96030.0
3794898.496690654,96750.0
3773583.905480212,97470.0
3911812.3057258055,98190.0
3791920.0366700366,98910.0
3230494.736069202,99630.0
3189784.4672550256,100350.0
3765081.0907572214,101070.0
3880131.600788603,101790.0
3892090.5033435915,102510.0
3830807.6323001655,103230.0
3791812.6978553366,103950.0
3211575.256442699,104670.0
3181878.191715591,105390.0
3840871.7121874634,106110.0
3861836.724799898,106830.0
3827167.514669864,107550.0
3782666.264636882,108270.0
3758709.742138638,108990.0
3176037.622515755,109710.0
3211086.3852211805,110430.0
3841351.5070454325,111150.0
3819149.7166440072,111870.0
3815690.2805822627,112590.0
3858203.789880938,113310.0
3844588.4679799923,114030.0
3180384.906759897,114750.0
3125987.3259866354,115470.0
3702006.200823172,116190.0
3816081.744798904,116910.0
3739637.3379772054,117630.0
3772097.6371412524,118350.0
3762026.5840747906,119070.0
3159693.598212026,119790.0
3135258.155987286,120510.0
3773905.5615593363,121230.0
3928295.884849886,121950.0
3818261.7154465048,122670.0
3783906.3809190737,123390.0
3769861.6577967117,124110.0
3204896.8090572553,124830.0
3202058.823357301,125550.0
3791923.8080942733,126270.0
3777991.983617076,126990.0
3778463.8551845583,127710.0
3801705.7999352305,128430.0
3805572.704406314,129150.0
3174071.7445297954,129870.0
3157779.768491759,130590.0
3835565.515148145,131310.0
3734298.9821515325,132030.0
3864300.665637011,132750.0
3821044.6121890415,133470.0
3771808.128770479,134190.0
3182012.1207151283,134910.0
3196743.0636281706,135630.0
3770857.2023443384,136350.0
3807401.005779102,137070.0
3828733.758769652,137790.0
3826087.1977259433,138510.0
3760040.575499509,139230.0
3151236.4955928707,139950.0
3144054.2788498127,140670.0
3806595.227759066,141390.0
3666901.937863613,142110.0
3758831.8357487447,142830.0
3867319.493799267,143550.0
3813091.4339941824,144270.0
3134727.347470777,144990.0
3245090.0710854353,145710.0
3789446.6433054768,146430.0
3720079.304113171,147150.0
3858342.3253387366,147870.0
3860516.887460605,148590.0
3835205.7492524707,149310.0
3221294.424429764,150030.0
3146372.955216237,150750.0
3736922.339506344,151470.0
3875680.8494362235,152190.0
3894185.260644693,152910.0
3745909.9834767887,153630.0
3857062.5596805583,154350.0
3186301.543008365,155070.0
3143409.5985407685,155790.0
3766978.4751516585,156510.0
3906219.3541578753,157230.0
3736719.1408361285,157950.0
3734044.305827543,158670.0
3856489.641704199,159390.0
3218377.35273694,160110.0
3194650.901254368,160830.0
3752067.618640227,161550.0
3819867.262999226,162270.0
3816619.506799356,162990.0
3819090.166193358,163710.0
3850997.0670367554,164430.0
3114828.789395812,165150.0
3140680.1036271374,165870.0
3732445.574682062,166590.0
3866453.5930506815,167310.0
3845407.653694779,168030.0
3796364.1674250658,168750.0
3805098.383688605,169470.0
3165750.839120499,170190.0
3174869.8212222257,170910.0
3756997.2205616664,171630.0
3807737.8535602586,172350.0
3802608.173682682,173070.0
3806268.03041297,173790.0
3782726.6585292914,174510.0
3168102.2464012867,175230.0
3152167.315201983,175950.0
