"Utility","tick"
1888337.6258584978,270.0
1957432.2593015083,990.0
1857811.094932784,1710.0
1924748.0911465427,2430.0
1950790.4355106433,3150.0
1570585.7334027942,3870.0
1613839.1319097292,4590.0
1914389.6581968116,5310.0
1924866.3333415156,6030.0
1904519.5627591598,6750.0
1991176.7136194636,7470.0
1918619.6813891914,8190.0
1598917.3658345055,8910.0
1558489.1265657737,9630.0
1871901.4749479215,10350.0
1906728.3919381339,11070.0
1943136.3824443927,11790.0
1959738.4428767185,12510.0
1873636.7645366262,13230.0
1584819.8796760775,13950.0
1573520.257458274,14670.0
1904762.9423283038,15390.0
1906226.1862331175,16110.0
1906098.1193088223,16830.0
1874382.1983069195,17550.0
1909908.7967204845,18270.0
1591185.8047023509,18990.0
1642414.3831430483,19710.0
1935066.0095390982,20430.0
1967942.366159064,21150.0
1896932.3588985626,21870.0
1909488.2937492102,22590.0
1869165.8287148497,23310.0
1579348.6644321748,24030.0
1630928.5056739738,24750.0
1944772.6989881762,25470.0
1881601.6958670202,26190.0
1935384.14094342,26910.0
1863077.633812421,27630.0
1885663.837636387,28350.0
1610988.7557165145,29070.0
1572654.047095144,29790.0
1930141.336563594,30510.0
1964093.0755770246,31230.0
1983042.512705304,31950.0
1873162.090053629,32670.0
1996493.5930752594,33390.0
1584431.0286228622,34110.0
1584594.3094023976,34830.0
1833531.508628841,35550.0
1947676.4068314652,36270.0
1888203.2852601141,36990.0
1909715.6499179422,37710.0
1879111.556365571,38430.0
1579959.9779266715,39150.0
1625807.7359248702,39870.0
1918617.2819018757,40590.0
1894834.7771422921,41310.0
1919585.9483482102,42030.0
1894427.956806556,42750.0
1877706.2950846993,43470.0
1585002.906958142,44190.0
1592936.9985179724,44910.0
1893587.9284501912,45630.0
1942891.3139503647,46350.0
1957953.373683874,47070.0
1908843.5836738462,47790.0
1889976.846452537,48510.0
1611149.0428118007,49230.0
1596609.3894662636,49950.0
1834534.3684247069,50670.0
1927916.439809328,51390.0
1884952.5650472317,52110.0
1883002.616211478,52830.0
1883380.8506923844,53550.0
1605717.3120800909,54270.0
1586579.1699493849,54990.0
1963823.6472927046,55710.0
1909031.4653203832,56430.0
1774310.223210184,57150.0
1937646.6297883005,57870.0
1951281.0521833734,58590.0
1618621.43099456,59310.0
1599536.931844076,60030.0
1980685.9654134663,60750.0
1945404.4491860121,61470.0
1890967.5683021573,62190.0
1942378.4546718271,62910.0
1924380.390348159,63630.0
1564219.5079518144,64350.0
1611193.7318167358,65070.0
1979169.8534665059,65790.0
1860261.1410501152,66510.0
1874962.4461447047,67230.0
1934774.8038677496,67950.0
1968333.5322109577,68670.0
1583262.3510548938,69390.0
1543762.4168217913,70110.0
1933964.9526403842,70830.0
1892303.2355831065,71550.0
1893846.7306966223,72270.0
1902719.9852508474,72990.0
1913461.870509261,73710.0
1616441.2166859005,74430.0
1580439.519825958,75150.0
1955575.2885938934,75870.0
1935173.3921791066,76590.0
1928198.3828138546,77310.0
1884568.4835579263,78030.0
1886838.1645643436,78750.0
1576928.920682637,79470.0
1575660.4457899777,80190.0
1890997.934527673,80910.0
1872760.258976114,81630.0
1935518.405562807,82350.0
1930415.4890627596,83070.0
1894116.6659212848,83790.0
1576726.380678239,84510.0
1606617.1634823277,85230.0
1924161.7562716359,85950.0
1932931.5327971962,86670.0
1914564.8716141363,87390.0
1853035.039940659,88110.0
1920752.5369091993,88830.0
1600183.5958798223,89550.0
1576542.332262345,90270.0
1960649.8770152465,90990.0
1937310.091423756,91710.0
1889786.0123800612,92430.0
1916928.6364832956,93150.0
1881575.0287979764,93870.0
1586756.6607822794,94590.0
1586139.9983453183,95310.0
1922154.990991266,96030.0
1870550.345348495,96750.0
1887539.237548861,97470.0
1893239.3532396073,98190.0
1943709.8513009432,98910.0
1622368.7053768204,99630.0
1623362.204634272,100350.0
1919691.4580475776,101070.0
1855584.3263710733,101790.0
1880635.348107292,102510.0
1936742.8051641718,103230.0
1859240.5156994774,103950.0
1575027.4129539006,104670.0
1595743.9192671045,105390.0
1864686.5390133725,106110.0
1890942.8150459768,106830.0
1882791.1543354494,107550.0
1922796.8574311526,108270.0
1918098.5888404255,108990.0
1564394.541275167,109710.0
1591911.157592361,110430.0
1960592.2527080844,111150.0
1875934.9911402273,111870.0
1858727.0285374082,112590.0
1934821.2390299276,113310.0
1901157.260399192,114030.0
1594659.104557357,114750.0
1587639.25950093,115470.0
1841588.3789410242,116190.0
1819575.8510675638,116910.0
1891089.8024853617,117630.0
1919632.3584720104,118350.0
1927219.380550006,119070.0
1586565.9796579431,119790.0
1550935.6079617434,120510.0
1933123.0815815814,121230.0
1910537.9355259498,121950.0
1855693.0318261036,122670.0
1895533.1611105932,123390.0
1804333.6229948315,124110.0
1565212.8042853537,124830.0
1585405.4943312611,125550.0
1849003.5288048028,126270.0
1923690.1923512663,126990.0
1883755.8432640997,127710.0
1886362.3603356252,128430.0
1829167.5900615824,129150.0
1631478.7953089825,129870.0
1607683.0350980235,130590.0
1907300.226876392,131310.0
1880985.9689836353,132030.0
1925944.4581170923,132750.0
1940462.1262002476,133470.0
1886055.2798874306,134190.0
1588469.0323419983,134910.0
1590171.6380270203,135630.0
1928063.0814224503,136350.0
1975209.177613636,137070.0
1892138.423703906,137790.0
1846617.5452582792,138510.0
1883343.7822582312,139230.0
1604281.1560328607,139950.0
1630451.9533797428,140670.0
1929046.8833817355,141390.0
1922078.7253133175,142110.0
1928802.3779873506,142830.0
1845257.8881364448,143550.0
1923069.30659604,144270.0
1573039.41602552,144990.0
1546298.8924050792,145710.0
1882061.3435611352,146430.0
1954212.5086442104,147150.0
1879344.0187173593,147870.0
1868644.6265011344,148590.0
1984874.3035731458,149310.0
1585354.018965021,150030.0
1560987.2613694924,150750.0
1939105.6381900613,151470.0
1924866.4543043491,152190.0
1930860.8541444696,152910.0
1892799.6111503146,153630.0
1912551.939697401,154350.0
1561027.6409928629,155070.0
1573062.141652159,155790.0
1872571.230222929,156510.0
1932804.3569452178,157230.0
1899634.6745054917,157950.0
1923711.0204743918,158670.0
1882763.2050264084,159390.0
1561461.9702941035,160110.0
1571418.5701135055,160830.0
1953903.4926574004,161550.0
1916291.7052679122,162270.0
1933666.8381274869,162990.0
1883769.7963256116,163710.0
1919882.3180388762,164430.0
1578057.1942991368,165150.0
1585848.3532221946,165870.0
1873478.0325827668,166590.0
1882256.1931875562,167310.0
1950701.0684995274,168030.0
1911202.0505578157,168750.0
1835597.114460157,169470.0
1592770.5785241504,170190.0
1592789.48013923,170910.0
1874459.475841743,171630.0
1943678.5659733682,172350.0
1870498.6018065698,173070.0
1870713.791149789,173790.0
1896532.4522986633,174510.0
1572459.031557686,175230.0
1610889.055134394,175950.0
